Predict/mse_batch: 6017.915063703322
Predict/mse_regressive: 58717.93320451783
