Predict/mse_batch: 1981.9323199947648
Predict/mse_regressive: 2110.902566225006
