Predict/mse_batch: 1088.570294008726
Predict/mse_regressive: 1082.9813283605804
