Predict/mse_batch: 2127.64507539954
Predict/mse_regressive: 33840.21431499843
