Predict/mse_batch: 3429.421575696906
Predict/mse_regressive: 7694.763178005394
