Predict/mse_batch: 1936.457967757812
Predict/mse_regressive: 5904.297848241425
