Predict/mse_batch: 4857.966773139106
Predict/mse_regressive: 49269.06541031611
