Predict/mse_batch: 1115.5224323700668
Predict/mse_regressive: 1098.2372297991644
