Predict/mse_batch: 2023.6309855707752
Predict/mse_regressive: 2035.3492611220252
