Predict/mse_batch: 1939.8484341804258
Predict/mse_regressive: 5500.616622206563
