Predict/mse_batch: 3533.7195046198926
Predict/mse_regressive: 6586.736856662066
