Predict/mse_batch: 2018.9396680228065
Predict/mse_regressive: 29926.121039121008
