Predict/mse_batch: 1477.7891156440112
Predict/mse_regressive: 34907.238785155285
