Predict/mse_batch: 2020.8890793398855
Predict/mse_regressive: 2870.238573677255
