Predict/mse_batch: 1114.026882257317
Predict/mse_regressive: 1496.3236217158633
